0000000000
0000000000
0000000000
0000000000
0000000000
0000000000
0000000000
0000000000
0000000000
0000000000
0000000000
0000000000
0000000000
0000000000
0000000000
0000000000
0000000000
0000000000
0000000000
0000000000
0000000000
0000000000
0000000000
0000000000
0000000000
0000000000
0000000000
0000000000
0000000000
0000000000
0000000000
0000000000
0000000000
0000000000
0000000000
2000000000
1200000000
1100000000
1100000000
1100000000
0120000000
0110000000
0110000000
0110000000
0012000000
0011000000
0011000000
0011000000
0001000000
0001000000
0001000000
0001000002
0001000001
0000000001
0000000001
0000000001
0000000021
0000000011
0000000010
0000000010
0000000210
0000000110
0000000110
0000000110
0000000100
0000002100
0000001100
0000001000
0000001000
0000001000
2000001000
1000001000
1000001000
1000000000
1000000002
1000000001
1000000001
1000000001
1000000001
1000000001
1200000021
1100000010
0100000010
0100000010
0100000210
0120000110
0110000110
0010000110
0010000100
0010002100
0010001100
0010001000
0012001000
0001001000
0001001000
0001001000
0001000000
0000000000
0000000000
0000000000
0000000000
0000000000
0000000000
0000000000
0000000000
0000000000
0000000000
0000000000
0000000000
0000000000
0000000000
0000000000
0000000000
0000000000
0000000000
0000000000
0000000000
0000000000
0000000000
0000000000
0000000000
0000000000
0000000000
0000000000
0000000000
0000000000
0000000000
0000000000
0000000000
0000000000
0000000000
0000000000
0000000000
0000000000
0000000000
0000000000
0000000000
0000000000
0000000000
0000000000
0000000000
0000000000
0000000000
0000000000
0000000000
0000000000
0000000000
0000000000
0000000000
0000000000
0000000000
0000000000
0000000000
0000000000
0000000000
0000000000
0000000000
0000000000
0000000000
0000000000
0000000000
0000000000
0000000000
0000000000
0000000000
0000000000
0000000000
0000000000
0000000000
0000000000
0000000000
0000000000
0000000000
0000000000
0000000000
0002000000
0001002000
0001001000
0001001000
0001000000
0001000000
0001002000
0001001000
0000001000
0000000200
0000000100
0000000100
0000000100
0000000100
0000000100
0000000100
0000000100
0200000100
0100000000
0100000020
0100000010
0100000010
0100000010
0100000010
0100000010
0000000010
0000000012
0000000001
0000000001
0000000001
0000000001
0000000001
0000000001
0000000001
0000000021
0000000010
0000000010
0000000010
0000000010
2000000012
1000000001
1200000001
1100000001
1120000001
1110000021
0012000211
0011000110
0011000110
0001002110
0001001000
2001001000
1000001002
1200001001
1120000021
1110000210
0112000110
0011000100
0001000000
0001000000
0001000000
0001000000
0000000000
0000200000
0000100000
0000100000
0000100000
0000100000
0000100000
0000100000
0002100000
0001100000
0001020000
0001010000
0000002000
0000001000
0000001200
0000000100
0000000020
0000000010
0000000000
0000000002
0000000001
0000000001
0000000001
0000000001
0000000021
0000000010
0000000200
0000000100
0000002000
0000000000
0000000000
0000000000
0000000000
0002000000
0001000000
0020000000
0010000000
0010000000
0010000000
0010000000
0012000000
0001000000
0000200000
0000100000
0000020000
0000002000
0000001000
0000000200
0000000000
0000000000
0000000000
0000000000
0000000000
0000000000
0000000000
0000000000
0000000020
0000000200
0000000100
0000002000
0000020000
0000200000
0000100000
0002000000
0020000000
0010000000
0200000000
0100000000
2000000000
1000000000
1000000000
1000000000
1000000000
1000000000
1000000000
0200000000
0100000000
0020000000
0002000000
0000200000
0000020000
0000000000
0000002000
0000000200
0000000020
0000000000
0000000002
0000000000
0000000000
0000000000
0000000000
0000000000
0000000000
0000000000
0000000002
0000000001
0000000020
0000000200
0000002100
0000001000
0000020000
0000200000
0002000000
0021000000
0010000000
0200000000
0100000000
2100000000
1000000000
1000000000
1000000000
1000000000
1000000000
0000000000
0000000000
0000000000
0000000000
0000000000
0000000000
0000000000
0000000000
0000000000
0000000000
0000000000
0000000000
0000000000
0000000000
0000000000
0000000000
0000000000
0000000000
0000000000
0000000000
0000000000
0000000000
0000000000
0000000000
0000000000
0000000000
0000000000
0000000000
0000000000
0000000000
0000000000
0000000000
0000000000
0000000000
0000000000
0000000000
0000000000
0000000000
0002000000
0001020000
0001010000
0001010000
0001010000
0001010000
0001010000
0001010000
0001010000
0001010000
0001010000
0001010000
0001010000
0001010000
0001010000
0001010000
0001010000
0001010000
0001010000
0001010000
0001010000
0001010000
0001010000
0001010000
0001010000
0001010000
0001010000
0001010000
0001010000
0001010000
0001010000
0001010000
0001010000
0001010000
0001010000
0001010000
0001010000
0001010000
0001010000
0001010000
0001010000
0001010000
0001010000
0001010000
0001010000
0001010000
0001010000
0001010000
0001010000
0001010000
0001010000
0001010000
0001010000
0001010000
0001010000
0001010000
0001010000
0001010000
0001010000
0001010000
0001010000
0001010000
0001010000
0001010000
0001000000
0001000000
0001000000
0001000000
0001000000
0001000000
0001000000
0001000000
0001000000
0000000000
0000000000
0000000000
0000000000
0000000000
0000000000
0000000000
0000000000
0000000000
0000000000
0000000000
0000000000
0000000000
0000000000
0000000000
2000000000
1000000000
1000000000
1200000000
1100000000
1100000000
1120000000
1110000000
0110000000
0110000000
0110000000
0110000000
0110000000
0110000000
0110000000
0010000000
0012000000
0011000000
0011000000
0011000000
0011000000
0011000000
0011000000
0011000000
0011000000
0011000000
0011000000
0011000000
0011000000
0011000000
0011000000
0011000000
0011000000
0011000000
0011000000
0011000000
0011000000
0011000000
0011000000
0011000000
0011000000
0200000000
0100000000
0100000000
0100000000
0100000000
0100000000
0100000000
2100000000
1000000000
1000000000
1000000000
1000000000
1000000000
1000000000
1000000000
1000000000
1000000000
1020000000
1010000000
1010000000
0010000000
0010000000
0010000000
0012000000
0011000000
0011000000
0001000000
0001000000
0001000000
0001000000
0001000000
0001000000
2001000000
1001000000
1000000000
1000000000
1200000000
1100000000
1100000000
0120000000
0110000000
0110000000
0010000000
0010000000
0010000000
0010000000
0010000000
0010000000
0000002000
0000001000
0000001000
0000001000
0000001000
0000001000
0000201000
0000101000
0000101000
0000101000
0000100000
0000100000
0000100000
0000100000
0000100000
0000100000
0000100000
0000000000
0000020000
0000010000
0000010000
0000010000
0000010000
0000010000
0000000000
0000000000
0000000000
2000000000
1000000002
1200000001
1100000001
1100000001
0120000001
0110000001
0110000021
0010000010
0010000010
0010000210
0000000110
0000000110
0000000100
0000000100
0000000100
0000000100
0000000100
0000000000
0000000000
0000000000
0000000000
0000000000
0000000000
0000000000
0000000000
0000000000
0000000000
0000000000
0000000000
0000000000
0000000000
0000000000
0000000000
0000000000
0000000000
0000000000
0000000000
0000000000
0000000000
0000000000
0000000000
0000000000
0000000000
0000000000
0000000000
0000000000
0000000000
0000000000
0000000000
0000000000
0000000000
0000000000
0000000000
0000000000
0000000000
0000000000
0000000000
0000000000
0000000000
0000000000
0000000000
0000000000
0000000000
2000000000
1000000000
1000000000
1000000000
1000000000
0000000000
2000000000
1000000000
1002000000
1001000000
1000000000
1000000000
0000000000
0000000000
0000000000
0000000000
0000000000
0000000000
2000000000
1220002220
1112001112
1111001111
1111001111
1111001111
1111001111
1111001111
1111001111
1111001111
1111001111
1111001111
1111001111
1111001111
1111001111
1111001111
1111001111
1111001111
1111001111
1111001111
1111001111
1111001111
1111001111
1111001111
1111001111
1111001111
1111001111
1111001111
1111001111
1111001111
1111001111
1111001111
1111001111
1111001111
1111001111
1111001111
1111001111
1111001111
1111001111
1111001111
1111001111
1111001111
1111001111
1111001111
1111001111
1111001111
1111001111
1111001111
0111001111
0111001111
0111001110
0000001100
0000000000
0000000000
0000000000
0000000000
0000000000
0000000000
0000000000
0000000000
0000000000
0000000000
0000000000
0000000000
0000000000
0000000000
0000000000
0000000000
0000000000
0000000000
0000000000
0000000000
0000000000
0000000000
0000000000
0000000000
0220000020
2112000212
1111000111
1111000111
1111000111
1111000111
1111000111
1111000111
1111000111
1111000111
1111000111
1111000111
1111000111
1111000111
1111000111
1111000111
1111000111
1111000111
1111000111
1111000111
1111000111
1111000111
1111000111
1111000111
1111000111
1111000111
1111000111
1111000111
1111000111
1111000111
1111000111
1111000111
1111000111
1111000111
1111000111
1111000111
1111000111
1111000111
1111000111
1111000111
1111000111
1111000111
1111000111
1111000111
1111000111
1111000111
1111000111
1111000111
1111000111
1111000111
1111000111
1111000111
1111000111
1111000111
1111000111
1111000111
1111002101
1111001101
1111001101
1111001101
1111001101
1111001101
1111001101
1111001101
1111001101
1111001101
1111001101
1111001101
1111001101
1111001101
1111001101
1111001101
1111001001
1101000000
0000000000
0000000000
0000000000
0000000000
0000000000
0000000000
0000000000
0000000000
0000000000
0000000000
0000000000
0000000000
0000000000
0000000000
0000000000
0000000000
0000000000
2222000020
1111002212
1111001111
1111001111
1111001111
1111001111
1111001111
1111001111
1111001111
1111001111
1111001111
1111001111
1111001111
1111001111
1111001111
1111001110
1111001110
1111001110
1111001110
1111001110
1111001110
1111001110
1111001110
1111001110
1111001110
1111001112
1111001111
1111001111
1111001111
1111001111
1111001111
1111001111
1111001111
1111001111
1111001111
1111001111
1111001111
1111001111
1111001111
1111001111
1111001111
1111001111
1111001111
1111001111
1111001111
1111001111
1111001111
1111001111
1111001111
1111001111
1111001111
1111001111
1111001111
1111001111
1111001111
1111001111
1111001111
1111001111
1111001111
1111001111
1111001111
1111001111
1111001111
1111001111
1111001111
1111001111
1111001111
1111001111
1111000111
1111000111
1111000111
1111000111
1111002111
1111001111
1110001111
1110001111
1110001111
1110001111
1112001111
1111001111
1111001111
1111001111
1111001111
1111001111
1111001111
1011001111
0011001111
0001001110
0000000110
0000000000
0000000000
0000000000
0000000000
0000000000
0000000000
0000000000
0000000000
0000000000
0000000000
2000000000
1002000000
1201000020
1121002010
1111001212
1111001111
1111001111
1111001111
1111001111
1111001111
1111001111
1111001111
1111001111
1111001111
1111001111
1111001111
1111001111
1111001111
1111001111
1111001111
1111001111
1111001111
1111001111
0111001110
0111001010
0111001010
0111001010
0111001010
0111001010
0111001010
0111001010
0011000000
0000000000
0000000000
0000000000
0000000000
0000000000
2000000000
1000000002
1000000001
1200000001
1100000001
1120000001
1110000021
0110000011
0110000010
0112000210
0011000110
0011000110
0001002110
0001001100
0001001100
0001001000
0000000000
0000000000
0000000000
0000000000
0000000000
0000000000
0000002000
0002001000
0001001000
0021001200
0011001100
0211001100
2110000120
1110000110
1110000112
1110000011
1100000011
1000000001
1000000001
1000000001
0000000000
0000000000
0000000000
0000000000
2000000002
1000000001
1200000001
1100000021
1120000011
0110000010
0110000210
0112000110
0011002110
0011001100
0001001100
0001001000
0001001000
0000000000
0000000000
0000000000
0000000000
0000000000
2000000000
1000000000
1000000002
1200000001
0100000001
0000000001
0000000001
0000000001
0000000001
0200000020
0100000010
0100000010
0100000210
0020000110
0010000100
0010000100
0012002100
0011001000
0001001000
0001000000
0001000000
0000000000
0000000000
0000000000
0000000000
0000000000
0000000000
0000000000
0000000000
0000000000
0000000000
0000000000
0000000000
0000000000
0000000000
0000000000
0000000000
0000000000
0000000000
0000000000
0000000000
0000000000
0000000000
0000000000
0000000000
0000000000
0000000000
0000000000
0000000000
0000000000
0000000000
0000000000
0000000000
0000000000
0000000000
0000000000
0000000000
0000000000
0000000000
0000000000
0000000000
0000000000
0000000000
0000000000
0000000000
0000000000
0000000000
0000000000
0000000000
0000000000
0000000000
0000000000
0000000000
0000000000
0000000000
0000000000
0000000000
0000000000
0000200000
0000100000
0000100000
0000000000
0000020000
0000010000
0000010000
0000000000
0000200000
0000100000
0000100000
0000000000
0000000000
0000000000
0000020000
0000010000
0000000000
0000000000
0000000000
0000000000
0000000000
0000000000
0000000000
0000000000
0000000000
0000000000
0000000000
0000000000
0000000000
0000000000
0000000000
0000000000
0000000000
0000000000
0000000000
0000000000
0000000000
0000000000
0000000000
0000000000
0000000000
0000000000
0000000000
0000000000
0000000000
0000000000
0000000000
0000000000
0000000000
0000000000
0000000000
0000000000
0000000000
0000000000
0000000000
0000000000
0000000000
0000000000
0000000000
0000000000
0000000000
0000000000
0000000000
0222000000
2111000222
1111002110
1111001112
1111001111
1111001111
1111001111
1111001111
1111001111
1111001111
1111001111
1111001111
1111001111
1111001111
1111001111
1111001111
1111001111
1111001111
1111001111
1111001111
1111001111
1111001111
1111001111
1111001111
1111001111
1111001111
1111001111
1111001111
1111001111
1111001111
1111001111
1111001111
1111001111
1111001111
1111001111
1111001111
1111001111
1111001111
1111001111
1111001111
1111001111
1111001111
1111001111
1111001111
1111001111
1111001111
1111001111
0011001111
0001001100
0000000000
0000000000
0000000000
0000000000
0000000000
0000000000
0000000000
0000000000
0000000000
0000000000
0000000000
0000000000
0000000000
0000000000
0000000000
0000000000
0000000000
0000000000
0000000000
0000000000
0000000000
0000000000
0000000000
0000000000
0000000000
0000000000
0000000000
0000000000
0000000000
0000000000
0000000000
0000000000
0000000000
0000000000
0000000000
0000000000
0000000000
0000000000
0000000000
0000000000
0000000000
0000000000
0000000000
0000000000
0000000000
0000000000
0000000000
0000000000
0000000000
0000000000
0000000000
0000000000
0000000000
0000000000
0000000000
0000000000
0000000000
0000000000
0000000000
0000000000
0000000000
0000000000
0000000000
0000000000
0000000000
0000000000
0000000000
0000000000
0000000000
0000000000
0000000000
0000000000
0000000000
0000000000
0000000000
0000000000
0002000000
0000002200
0000000000
0000000000
0000000000
0000000000
0000000000
0000000000
0000000000
0000000000
0000000000
0000000000
0000000000
0000000000
0000000000
0000000000
0000000000
0000000000
0000000000
0000000000
0000000000
0000000000
0000000000
0000000000
0000000000
0000000000
0000000000
0000000000
0000000000
0000000000
0000000000
0000000000
0000000000
0000000000
0000000000
0000000000
0000000000
0000000000
0000000000
0000000000
0000000000
0000000000
0000000000
0000000000
0000000000
0000000000
0000000000
0000000000
0000000000
0000000000
0000000000
0000000000
0000000000
0000000000
0000000000
0000000000
0000000000
0000000000
0000000000
0000000000
0000000000
0000000000
0000000000
0000000000
0000000000
0000